445.00,32.00,252.00,654.00
444.92,32.19,252.27,653.00
447.18,38.45,247.87,639.87
447.02,38.43,248.30,639.30
446.85,38.40,248.73,638.73
446.69,38.38,249.17,638.17
446.03,37.15,250.60,640.00
445.20,35.41,252.37,642.87
443.71,18.90,255.47,649.20
441.90,10.21,259.20,656.40
424.61, 0.08,258.00,652.33
424.35,-17.45,258.60,652.17
431.34,-17.10,259.20,652.00
443.08,-13.07,256.97,644.47
441.42,-16.40,260.40,651.67
443.67,-0.74,256.00,638.50
442.26,-4.01,258.93,644.40
433.23,-6.84,261.53,649.43
430.45,-14.44,268.40,664.00
433.60, 3.39,263.40,650.83
439.88, 3.77,264.00,650.67
440.39, 6.09,263.10,646.60
438.41, 7.85,262.53,643.67
440.21,12.79,259.63,634.37
440.18,12.96,260.40,634.60
440.15,13.13,261.17,634.83
440.12,13.31,261.93,635.07
440.09,13.48,262.70,635.30
440.06,13.65,263.47,635.53
440.11,14.04,264.07,635.33
440.00,14.00,265.00,636.00
436.94,16.19,270.33,635.50
433.89,18.37,275.67,635.00
430.83,20.56,281.00,634.50
427.78,22.74,286.33,634.00
424.72,24.93,291.67,633.50
420.77,25.91,298.80,635.40
416.63,26.38,306.30,638.33
414.36,29.88,310.07,635.20
412.90,36.07,312.20,626.70
412.45,41.86,312.33,619.00
405.18,57.85,311.10,605.87
403.06,64.30,313.20,598.20
398.83,77.23,319.53,597.10
390.36,69.99,334.33,615.67
387.70,74.86,337.50,610.00
399.19,85.10,334.40,593.60
385.36,88.98,338.13,589.93
380.26,88.09,346.20,595.80
371.87,91.18,348.23,593.70
354.35,91.24,355.33,597.67
347.40,89.12,366.90,606.00
357.77,89.39,373.80,609.53
346.91,79.35,394.57,633.70
347.21,86.24,393.00,624.00
352.65,88.54,398.33,623.50
331.97,90.83,403.67,623.00
328.48,93.12,409.00,622.50
320.79,89.81,422.73,633.20
321.41,97.49,419.83,621.93
318.00,100.00,425.00,621.00
319.86,103.10,421.27,617.97
321.73,106.20,417.53,614.93
326.89,114.15,407.20,602.20
328.52,116.87,403.93,599.93
327.59,120.50,399.67,595.83
328.71,123.40,396.20,593.20
330.53,127.47,391.33,588.23
328.81,130.93,393.53,594.07
331.06,136.30,387.80,587.70
333.51,142.00,381.67,580.67
337.60,150.00,372.27,569.03
339.02,154.00,368.20,565.40
340.44,158.00,364.13,561.77
343.25,164.33,357.27,553.47
344.77,168.50,353.00,549.50
346.29,172.67,348.73,545.53
357.70,176.83,344.47,541.57
359.80,181.00,340.20,537.60
361.90,185.17,335.93,533.63
362.00,186.00,335.67,536.33
366.10,193.50,327.40,525.70
368.20,197.67,323.13,521.73
370.30,201.83,318.87,517.77
372.40,206.00,314.60,513.80
374.50,210.17,310.33,509.83
376.60,214.33,306.07,505.87
378.70,218.50,301.80,501.90
380.53,222.27,298.07,498.73
382.77,226.81,293.53,494.37
385.00,231.00,289.00,490.00
384.47,233.09,292.10,488.03
383.94,235.19,295.20,486.07
383.41,237.28,298.30,484.10
382.88,239.37,301.40,482.13
382.34,241.47,304.50,480.17
381.81,243.56,307.60,478.20
381.28,245.65,310.70,476.23
380.75,247.75,313.80,474.27
380.22,249.84,316.90,472.30
381.02,253.43,317.33,467.33
380.63,255.68,320.17,465.07
380.23,257.92,323.00,462.80
379.83,260.16,325.83,460.53
379.43,262.40,328.67,458.27
377.53,262.15,334.50,461.00
375.10,262.16,341.40,463.20
374.67,267.08,344.30,460.90
375.44,270.20,344.80,457.20
377.46,275.47,342.80,449.20
379.71,281.00,340.33,440.67
385.09,284.00,342.30,437.20
384.53,287.00,344.27,433.73
383.98,290.00,346.23,430.27
383.42,293.00,348.20,426.80
379.94,292.67,356.00,430.00
395.24,295.53,358.20,426.80
395.18,298.40,360.40,423.60
395.12,301.27,362.60,420.40
394.96,303.97,365.00,417.53
395.00,307.00,367.00,414.00
395.12,306.88,366.63,413.97
395.24,306.75,366.27,413.93
392.21,303.03,372.20,421.10
405.29,299.14,378.53,428.60
408.07,299.29,377.67,428.00
408.42,299.45,376.80,427.40
408.77,299.61,375.93,426.80
408.19,298.71,376.93,428.33
408.42,298.73,376.30,428.00
391.14,300.09,373.33,425.00
372.51,289.80,369.90,421.47
382.95,295.00,348.60,397.60
380.95,292.63,352.20,402.10
397.50,290.80,354.87,405.53
395.71,288.70,358.00,409.50
393.93,286.60,361.13,413.47
393.90,286.50,360.77,413.43
395.97,288.80,356.20,408.60
398.27,291.37,351.17,403.23
398.48,291.54,350.33,402.67
396.43,270.99,354.00,407.20
399.81,274.81,346.80,399.40
400.72,275.81,344.57,397.23
399.99,274.94,345.60,398.80
399.49,274.34,346.17,399.83
396.66,289.03,351.40,406.20
392.84,284.63,358.60,414.80
383.06,273.46,377.73,436.93
390.15,299.59,363.13,420.77
390.00,300.00,363.00,421.00
390.40,299.95,362.33,419.20
390.81,299.90,361.67,417.40
396.13,303.45,354.70,408.40
416.55,310.03,346.47,398.07
418.76,327.61,342.17,392.00
411.00,321.80,357.80,408.80
432.22,339.50,351.57,400.63
425.43,349.59,365.20,415.33
429.84,347.89,366.70,416.70
447.48,352.72,357.67,405.00
449.72,354.92,353.13,398.57
455.16,360.28,342.20,385.80
456.00,357.24,340.47,382.87
451.94,352.26,348.53,390.27
451.18,341.30,350.00,391.00
451.59,341.90,349.13,388.47
450.30,340.27,351.67,390.40
445.70,335.20,360.80,399.20
447.76,337.45,356.63,393.37
452.39,342.30,347.33,382.33
452.58,342.40,346.90,380.80
465.75,347.36,346.47,379.27
449.46,356.43,353.03,385.73
454.85,362.51,342.20,372.20
457.59,365.09,336.67,365.67
461.38,371.74,324.07,351.00
445.30,371.65,327.90,353.50
449.04,374.60,320.53,345.00
427.07,367.26,331.60,355.83
428.00,368.00,330.00,353.00
428.78,368.47,329.40,353.73
429.57,368.94,328.80,354.47
433.05,372.56,322.80,348.90
436.30,375.48,317.27,344.73
438.75,377.43,313.33,342.50
436.60,374.92,318.60,349.20
434.26,372.22,324.23,356.27
433.79,371.26,326.13,359.87
450.36,369.98,328.50,364.10
446.61,347.89,337.00,374.67
468.77,349.58,328.17,366.57
468.47,338.57,329.80,368.80
470.15,332.32,327.47,368.53
478.78,327.55,327.73,370.27
479.75,327.52,328.00,372.00
480.72,327.48,328.27,373.73
490.93,329.71,324.57,370.93
492.06,330.81,323.40,370.40
492.79,331.16,323.03,371.37
494.52,332.68,320.67,370.00
493.05,330.11,324.70,376.80
494.52,331.14,322.87,376.40
479.98,334.19,318.53,371.97
479.76,333.61,320.00,374.80
478.44,331.09,323.67,381.50
481.42,334.54,318.73,376.27
481.89,334.65,318.80,377.70
481.82,334.77,318.87,379.13
462.93,331.02,324.73,388.30
463.00,331.00,325.00,390.00
463.80,330.74,324.47,388.07
443.53,326.54,330.93,394.00
444.38,326.31,330.40,392.00
448.27,329.55,323.80,383.07
449.01,329.18,323.50,381.33
450.94,330.62,320.80,376.00
451.38,333.86,321.10,375.00
452.61,334.63,319.80,372.13
449.10,329.68,328.00,380.70
471.01,334.54,320.00,369.67
465.98,339.19,331.23,381.20
488.36,350.63,322.60,370.00
485.77,357.25,328.97,375.07
506.75,377.05,323.20,368.00
503.96,372.08,330.00,375.50
507.84,375.61,323.47,366.00
509.84,376.87,320.70,361.03
501.80,366.76,338.00,378.80
521.11,366.83,336.10,376.23
522.93,367.39,333.67,372.67
521.37,364.75,338.00,375.50
519.58,361.88,342.80,378.80
525.60,366.82,331.97,366.47
503.68,361.03,342.60,375.60
504.37,360.61,342.50,374.00
516.80,372.85,318.93,347.07
500.41,369.62,323.60,351.10
497.74,365.88,329.13,356.13
494.62,362.17,335.57,361.10
495.00,362.00,335.00,359.00
494.82,362.06,334.37,360.37
491.37,358.85,340.27,368.27
472.39,355.82,345.10,375.80
476.91,362.76,331.67,363.40
479.77,365.87,325.00,358.67
479.59,365.94,324.40,360.00
479.42,366.01,323.80,361.33
475.88,362.45,329.93,369.93
460.88,360.06,334.20,376.20
469.10,368.57,318.00,360.67
471.31,370.74,313.80,357.80
484.44,373.98,307.00,352.80
477.42,366.46,320.20,369.33
486.93,368.40,316.40,366.93
496.95,370.10,313.00,365.00
484.14,365.04,321.67,376.60
477.41,367.52,316.00,373.13
477.63,368.22,314.80,373.20
460.04,364.36,320.40,382.40
465.99,371.97,308.00,368.67
451.29,356.99,313.30,376.50
447.54,350.54,309.73,374.07
431.35,346.05,315.83,384.30
428.58,342.93,319.80,391.80
419.81,336.20,330.00,406.50
422.31,339.35,324.60,401.47
430.50,332.01,307.80,382.20
430.93,332.34,306.53,382.80
429.16,328.92,310.83,390.90
446.00,329.00,310.00,392.00
446.20,328.48,310.67,394.77
452.19,318.32,299.73,382.93
467.76,318.11,300.00,385.00
459.59,307.63,316.27,407.60
456.61,304.17,322.17,416.17
456.06,303.28,323.20,419.60
442.53,289.65,323.23,421.53
445.63,293.03,318.13,417.60
452.20,301.64,306.10,403.20
453.47,296.94,304.67,403.67
466.03,298.97,301.53,401.27
461.60,282.90,310.40,414.40
461.59,275.73,310.43,416.27
458.54,271.40,316.53,426.53
468.79,272.98,314.00,425.00
470.45,274.05,311.87,424.47
472.32,275.93,309.33,422.33
482.48,276.41,303.40,416.40
477.80,259.42,312.87,430.23
469.83,250.24,317.33,438.00
458.86,251.56,315.60,437.50
459.56,252.62,314.27,437.53
457.07,249.03,319.33,446.87
454.37,245.14,324.80,456.80
453.98,244.70,325.67,459.83
450.89,243.73,327.33,463.93
451.16,243.42,328.00,466.70
454.24,247.31,323.07,461.07
455.20,247.16,323.53,463.53
455.00,247.00,324.00,466.00
454.80,247.15,323.67,465.63
454.61,247.31,323.33,465.27
457.41,251.96,317.00,455.90
442.65,256.02,310.60,447.73
441.34,269.20,312.50,450.67
438.03,268.29,318.40,458.40
435.33,264.70,323.07,465.53
435.04,264.71,322.93,465.47
433.70,272.80,324.90,468.10
436.45,282.74,318.67,459.33
435.26,281.56,320.33,461.97
424.29,281.87,320.00,461.60
428.38,297.27,312.30,451.03
429.97,298.80,309.60,447.07
428.76,285.13,312.50,451.50
427.34,282.60,315.80,456.53
418.60,284.28,313.50,453.17
416.80,282.05,316.40,457.60
428.22,282.97,315.47,455.73
435.70,293.15,301.00,435.33
422.05,278.62,304.70,440.30
419.66,274.92,308.80,446.53
419.38,274.37,308.70,446.47
417.23,276.51,305.20,441.00
398.85,269.51,313.50,453.83
398.48,268.81,313.60,454.07
397.46,267.21,315.00,456.10
397.11,266.50,315.07,456.33
397.05,265.65,314.53,455.67
397.00,266.00,314.00,455.00
396.77,265.53,314.33,455.40
397.74,265.05,314.67,455.80
409.48,241.56,324.80,469.70
409.39,239.51,324.87,469.80
432.70,247.16,313.50,454.00
428.98,241.61,320.80,464.60
437.56,234.32,311.90,451.50
454.59,236.83,304.40,440.20
466.99,229.33,314.60,455.00
482.43,225.73,319.33,462.00
487.98,230.72,321.47,465.10
504.00,238.38,311.60,450.80
502.14,246.17,315.30,456.30
501.88,245.74,315.80,457.00
503.52,248.15,312.50,452.00
505.17,259.97,309.20,447.00
508.31,272.53,302.90,438.07
509.65,274.48,300.20,434.00
509.69,274.48,300.10,433.83
509.73,274.48,300.00,433.67
509.77,274.48,299.90,433.50
505.41,268.25,308.60,445.80
518.76,267.97,308.90,446.20
525.06,271.29,304.40,439.40
521.51,265.91,311.50,450.00
540.23,271.03,304.60,439.60
542.22,270.44,305.30,440.60
539.47,266.26,310.80,448.80
556.56,266.28,310.70,448.60
557.00,266.00,311.00,449.00
557.52,265.82,310.80,448.63
571.43,260.84,317.00,457.87
573.33,260.96,316.40,456.90
576.85,265.28,310.20,447.53
592.05,265.10,310.00,447.17
586.77,257.71,320.20,461.20
589.60,261.28,314.20,453.33
589.63,261.25,313.80,452.67
587.86,258.52,317.00,457.40
593.61,258.19,317.00,457.33
595.93,260.71,313.20,451.57
596.24,260.23,313.40,451.80
597.86,261.70,311.00,448.13
598.28,261.37,311.00,448.07
598.70,261.04,311.00,448.00
602.12,265.21,305.00,438.93
610.10,264.87,305.00,438.87
608.74,262.74,307.40,442.40
603.77,255.21,317.00,456.73
603.61,266.72,317.00,456.67
605.55,270.13,312.80,450.30
603.29,254.34,317.00,456.53
603.13,267.63,317.00,456.47
602.97,267.90,317.00,456.40
605.31,271.92,312.00,448.83
605.25,272.33,311.80,448.47
605.18,272.75,311.60,448.10
605.12,273.17,311.40,447.73
605.06,273.58,311.20,447.37
605.00,274.00,311.00,447.00
604.80,274.23,310.77,445.90
604.60,274.46,310.53,444.80
604.40,274.69,310.30,443.70
604.20,274.92,310.07,442.60
604.00,275.15,309.83,441.50
602.60,273.68,312.00,443.80
604.50,281.18,307.57,436.37
604.00,281.57,307.93,436.13
605.60,284.75,304.10,430.30
605.00,296.50,304.67,430.33
596.48,285.09,321.07,452.53
595.10,283.55,323.20,455.00
584.64,283.66,323.13,454.17
586.82,286.17,319.33,448.53
588.52,288.37,316.50,443.50
588.62,288.18,316.87,443.27
590.02,289.94,314.63,439.13
590.02,289.60,315.20,439.20
591.91,292.11,311.97,433.57
592.01,291.92,312.33,433.33
592.11,291.72,312.70,433.10
592.21,291.53,313.07,432.87
592.31,291.34,313.43,432.63
592.41,291.15,313.80,432.40
592.51,290.96,314.17,432.17
592.61,290.77,314.53,431.93
592.70,290.57,314.90,431.70
592.80,290.38,315.27,431.47
592.90,290.19,315.63,431.23
593.00,290.00,316.00,431.00
593.02,290.20,315.73,430.67
593.04,290.40,315.47,430.33
593.06,290.60,315.20,430.00
593.08,290.80,314.93,429.67
593.10,291.00,314.67,429.33
593.13,291.20,314.40,429.00
593.15,291.40,314.13,428.67
593.17,291.60,313.87,428.33
593.19,291.80,313.60,428.00
593.21,292.00,313.33,427.67
593.23,292.20,313.07,427.33
592.05,290.80,315.20,430.20
591.97,290.87,315.13,430.13
591.89,290.93,315.07,430.07
591.81,291.00,315.00,430.00
593.33,293.20,311.73,425.67
593.35,293.40,311.47,425.33
593.38,293.60,311.20,425.00
593.40,293.80,310.93,424.67
593.42,294.00,310.67,424.33
593.44,294.20,310.40,424.00
595.66,297.70,305.73,417.07
582.61,298.05,305.27,416.43
576.23,294.80,309.60,423.00
574.27,292.33,313.33,428.00
586.72,288.37,318.67,436.00
588.78,288.15,319.00,436.50
591.12,291.87,314.13,429.13
590.96,291.78,314.27,429.37
591.00,292.00,314.00,429.00
590.97,291.93,314.24,428.97
590.93,291.86,314.48,428.93
590.90,291.79,314.72,428.90
590.86,291.72,314.97,428.86
588.34,287.93,320.17,436.28
589.14,288.84,318.76,434.28
588.48,283.88,320.24,435.59
588.55,283.36,320.28,435.24
588.62,282.84,320.31,434.90
587.60,281.09,322.52,437.03
576.81,280.84,322.07,436.14
577.74,280.60,321.62,435.24
580.60,282.57,317.31,429.93
582.95,284.52,314.00,424.66
583.66,283.98,314.00,424.34
584.36,283.45,314.00,424.03
585.06,282.91,314.00,423.72
592.43,282.38,314.00,423.41
590.28,278.91,318.48,428.97
590.60,278.67,318.03,428.07
590.93,278.43,317.59,427.17
587.87,274.07,323.90,434.52
588.17,273.84,323.48,433.59
588.48,271.28,323.07,432.66
586.61,268.27,327.00,438.24
587.07,268.61,326.28,437.10
587.05,268.41,326.52,437.07
587.02,268.20,326.76,437.03
587.00,268.00,327.00,437.00
