144.00,19.00,128.00,222.00
137.81,19.20,128.24,220.72
138.51,19.67,128.08,218.88
138.82,12.91,128.72,218.16
131.73,21.76,125.96,212.88
131.55,12.88,129.80,216.40
143.75,15.95,126.84,209.40
141.32,14.47,131.08,215.28
143.90,15.51,130.44,212.88
147.48,24.67,128.76,207.60
148.26,22.12,132.40,212.40
150.05,32.51,129.16,204.64
150.66,33.71,128.28,201.96
151.09,34.99,127.76,199.12
151.00,35.22,128.28,198.36
143.42,34.26,130.60,200.00
143.26,27.76,131.24,199.40
145.92,28.63,130.48,197.36
145.32,28.24,131.48,197.84
144.14,32.77,133.64,198.56
145.16,35.26,131.40,193.80
146.07,36.08,131.44,192.40
145.52,36.73,131.84,191.32
144.52,43.22,133.12,191.84
150.58,43.79,133.56,190.92
150.00,51.00,134.00,190.00
149.82,57.63,133.60,190.32
154.95,49.60,135.96,194.32
156.14,51.70,132.80,190.96
149.34,57.53,132.40,191.28
149.36,57.92,131.60,190.80
155.69,56.26,128.12,186.96
149.43,55.09,129.80,190.00
148.65,57.28,126.52,186.32
149.98,49.95,127.16,187.48
149.47,45.45,127.40,189.20
149.27,43.01,127.04,189.52
148.29,42.11,128.24,191.92
148.14,42.34,127.76,192.08
148.66,43.44,125.96,190.48
149.36,44.78,123.80,188.40
148.26,43.72,125.24,191.12
147.37,42.50,126.24,194.16
147.13,42.57,125.96,194.64
153.40,42.63,125.68,195.12
152.86,42.29,126.00,196.40
152.43,42.11,126.08,197.36
151.31,40.33,127.56,201.52
151.80,40.72,126.88,201.36
158.86,42.70,124.60,198.00
165.00,43.00,124.00,198.00
171.53,49.52,123.84,197.56
170.65,47.69,125.52,200.80
171.42,49.31,123.88,197.16
171.39,49.25,123.84,196.88
171.37,49.19,123.80,196.60
170.58,47.61,125.28,199.36
171.02,48.18,124.32,197.80
171.09,46.23,124.08,197.20
169.66,44.08,126.84,200.60
168.44,37.90,129.20,204.00
170.77,41.37,124.44,196.68
170.67,41.16,124.56,196.72
173.31,40.15,125.48,198.36
176.68,40.10,125.44,198.08
183.79,41.25,124.20,195.40
186.50,44.34,123.36,193.52
189.12,45.77,126.28,198.52
188.81,42.36,130.56,204.96
194.70,44.31,128.24,200.68
196.17,46.26,125.20,196.40
196.13,46.21,125.16,196.12
196.10,46.16,125.12,195.84
196.07,46.10,125.08,195.56
196.03,46.05,125.04,195.28
196.00,46.00,125.00,195.00
196.12,45.92,125.64,195.44
196.25,45.83,126.28,195.88
196.19,45.51,127.28,196.80
196.26,45.34,128.04,197.40
197.12,46.78,127.20,194.80
197.14,46.53,128.04,195.56
190.61,43.41,132.48,202.08
190.50,46.04,129.72,197.08
190.41,45.24,130.76,198.96
188.43,41.95,135.60,205.80
189.14,40.04,135.04,203.84
190.03,40.72,134.12,202.20
190.09,40.28,134.88,202.80
183.89,40.72,134.76,201.64
184.78,41.40,133.80,200.00
184.84,40.96,134.52,200.60
184.90,40.52,135.24,201.20
183.14,40.08,135.96,201.80
177.12,38.12,138.96,205.44
177.10,37.60,139.80,206.20
179.84,40.76,135.12,199.60
179.88,40.32,135.84,200.20
179.92,39.88,136.56,200.80
179.96,39.44,137.28,201.40
180.00,39.00,138.00,202.00
180.40,38.91,137.80,202.84
180.25,38.82,137.60,203.68
180.37,38.74,137.40,204.52
180.49,38.65,137.20,205.36
180.32,38.16,137.60,207.00
180.38,37.99,137.52,208.00
180.44,37.83,137.44,209.00
180.51,37.66,137.36,210.00
179.67,35.69,139.08,214.60
182.39,38.09,139.20,216.00
182.63,37.99,139.32,217.40
189.03,42.22,134.16,210.16
188.44,37.95,135.40,212.92
184.75,36.75,136.88,216.00
189.39,40.63,128.20,203.60
190.13,37.25,127.32,203.12
186.35,37.35,126.60,203.60
184.65,37.29,126.40,204.40
180.39,36.03,125.48,204.48
181.34,40.27,121.00,197.20
174.94,32.61,123.64,202.96
170.11,40.56,120.36,199.24
171.13,43.06,118.40,196.48
171.33,43.09,118.08,197.12
165.00,43.00,118.00,198.00
158.65,43.21,117.52,197.72
158.30,43.58,116.88,197.12
150.85,42.10,118.08,200.20
151.60,38.77,115.76,196.24
154.26,43.72,109.60,187.00
153.99,44.04,109.32,187.00
154.44,50.25,107.60,184.12
152.44,47.23,110.76,190.32
148.51,48.00,109.76,188.92
153.26,49.64,107.40,185.80
153.58,50.90,105.92,183.44
152.83,53.13,106.60,184.92
152.04,52.41,107.36,187.00
151.65,55.20,107.32,187.48
154.99,55.11,107.20,187.80
150.30,53.75,108.36,190.68
148.23,48.23,111.68,197.88
147.52,47.81,112.28,199.36
146.38,49.39,110.72,196.84
147.72,49.83,110.20,196.60
146.33,50.90,110.16,197.08
146.83,49.80,110.36,197.92
145.55,48.11,112.08,201.96
147.12,52.07,108.12,194.68
153.00,46.00,108.00,195.00
153.04,45.99,107.92,194.64
152.99,46.31,108.00,194.60
153.87,48.23,106.24,190.88
154.67,55.61,104.64,187.48
152.99,52.29,108.00,194.00
146.77,58.54,108.00,193.80
146.04,54.87,109.44,196.48
146.76,54.50,108.00,193.40
139.88,53.13,109.28,195.76
139.53,48.55,110.00,197.00
141.09,51.84,106.88,190.56
134.41,50.96,107.92,192.44
134.33,50.96,108.08,192.56
131.32,52.09,107.12,190.44
131.03,54.63,107.20,190.40
127.77,53.03,108.72,193.24
127.81,53.03,108.64,192.88
123.85,53.90,107.68,190.76
123.97,53.03,106.96,189.12
124.41,55.83,105.60,186.20
124.49,56.38,104.96,184.72
122.86,55.02,106.24,187.08
122.91,55.01,106.16,186.72
122.95,55.01,106.08,186.36
123.00,55.00,106.00,186.00
123.30,54.74,106.04,186.84
124.51,56.32,104.24,184.00
125.53,57.06,102.84,182.84
125.70,56.58,103.12,184.12
129.92,54.90,105.00,187.80
130.13,54.96,104.72,188.00
129.71,53.74,105.72,190.76
131.79,53.56,105.68,191.44
136.54,54.18,104.52,190.52
143.83,62.25,102.40,187.00
142.90,63.69,104.44,191.24
140.62,66.19,104.48,192.08
137.60,59.51,104.60,193.56
141.04,52.96,104.80,194.68
143.23,45.78,105.80,197.00
141.57,42.16,109.20,204.56
140.91,50.75,106.68,200.28
141.90,42.26,108.72,205.12
149.20,37.34,106.76,201.96
149.82,33.32,105.60,200.40
149.93,38.25,105.48,200.92
148.41,36.44,107.12,204.96
147.80,28.70,108.92,209.32
143.90,32.08,105.12,202.48
144.00,38.00,105.00,203.00
144.78,37.64,104.96,203.24
139.43,37.44,104.76,203.16
138.63,29.14,106.40,206.76
133.98,27.95,106.20,206.68
128.08,28.34,106.40,207.40
126.24,26.06,108.52,211.48
127.90,21.85,106.12,206.92
127.27,12.87,108.28,211.80
129.96,10.01,108.44,212.40
130.60, 9.21,108.60,213.00
117.49,12.78,110.76,217.60
117.59,14.06,111.96,220.28
118.74,14.56,111.08,218.80
112.36,15.99,112.32,221.12
113.13,12.70,112.20,221.60
121.23,14.24,110.28,218.04
114.49,18.18,112.36,222.48
114.45,15.92,113.88,226.52
113.58,13.24,117.04,231.40
114.21,13.99,117.20,232.00
122.51,16.97,113.16,225.04
123.19, 7.97,114.52,229.08
121.66, 3.01,119.28,238.00
122.33, 2.00,119.64,239.00
123.00, 1.00,120.00,240.00
124.47, 2.21,119.52,239.64
125.50, 9.77,118.88,238.88
127.51,11.58,118.32,238.32
134.63,12.88,117.76,237.76
131.17,15.68,116.00,234.20
132.35,16.31,116.08,235.00
134.53,16.25,114.16,233.52
134.79,10.96,116.08,236.60
140.38, 9.53,115.84,236.80
141.46,10.20,115.60,237.00
146.25, 8.32,113.68,234.96
145.43,11.50,111.48,230.64
144.85,15.81,108.40,224.08
146.16,10.37,108.20,224.24
143.76, 6.90,107.80,225.60
132.21,11.87,107.32,225.24
133.43, 8.81,106.84,224.88
135.65,10.45,104.36,219.52
129.19, 8.68,106.60,225.12
128.29, 5.87,110.40,232.80
122.38, 0.40,111.28,235.00
116.15,-1.03,112.72,239.40
116.75,-0.88,112.48,239.60
111.69,-0.04,112.32,240.00
113.00, 1.00,112.00,240.00
114.06, 1.41,112.32,239.24
108.58, 1.83,112.64,238.48
108.85, 2.24,112.96,237.72
104.31, 3.05,112.96,236.16
90.03,-2.57,112.60,234.40
82.24,-4.99,113.92,235.44
77.14,-7.07,112.24,229.68
71.13,-14.01,113.20,230.52
65.06,-14.45,114.16,231.36
59.37,-14.00,114.40,230.40
53.69,-16.41,114.64,229.44
49.64,-20.45,116.24,230.20
44.09,-20.28,116.76,229.80
32.29,-25.13,122.08,239.44
26.68,-25.13,122.80,239.40
28.74,-23.54,121.60,236.16
22.20,-25.15,124.24,239.32
23.29,-25.16,124.96,239.28
24.86,-17.33,124.72,237.08
26.68,-16.41,124.00,235.20
27.83,-16.30,124.60,234.96
29.23,-8.93,124.72,233.64
45.45,-8.99,125.48,233.76
45.21,-4.53,128.92,238.32
53.00, 2.00,130.00,239.00
66.68, 8.80,129.76,238.28
80.46,15.59,129.52,237.56
93.55,22.36,129.28,236.84
102.28,28.39,129.84,237.56
117.43,36.83,129.40,236.20
132.60,42.64,128.56,234.68
145.62,42.00,129.16,235.08
155.53,41.84,129.04,234.52
169.66,42.41,127.84,232.52
178.14,42.33,127.60,231.80
185.95,41.38,128.68,232.84
192.21,40.02,129.52,234.68
206.55,36.48,129.48,234.32
206.94,37.89,128.32,231.16
207.71,39.21,126.40,228.20
207.63,35.15,126.16,227.48
212.56,35.89,124.96,225.16
213.11,33.58,127.84,228.92
210.01,39.89,120.12,215.44
215.80,31.96,121.20,217.40
217.05,34.49,118.28,211.52
210.40,34.27,118.20,211.12
211.40,36.38,115.80,206.08
204.07,33.14,117.24,208.68
204.00,33.00,117.00,208.00
204.45,33.51,115.96,207.76
198.07,36.02,112.92,203.52
194.61,46.25,107.48,196.24
187.81,44.59,108.64,200.32
184.13,50.11,103.80,192.40
185.37,52.21,101.44,189.44
174.35,59.99,97.52,183.80
172.23,59.06,98.32,186.40
168.01,52.26,98.64,188.76
163.23,54.53,95.60,185.00
163.44,54.06,95.40,186.72
163.57,53.88,95.36,187.88
165.82,57.97,91.08,180.48
171.45,53.53,91.68,183.88
172.38,57.93,90.00,182.20
169.93,59.79,87.84,179.28
168.60,60.25,86.48,179.16
169.33,61.48,85.20,177.48
164.33,62.18,84.12,176.88
166.29,65.12,80.40,171.80
161.61,65.63,79.40,171.56
162.09,66.03,78.56,171.56
157.41,68.60,77.04,168.12
161.42,65.01,79.60,175.64
162.00,65.00,79.00,176.00
162.35,65.14,77.92,176.28
162.74,65.43,76.76,176.24
167.76,58.36,77.40,179.88
171.08,64.57,70.32,168.08
171.33,64.61,69.40,168.60
170.43,61.99,70.76,174.44
170.88,62.59,69.44,173.84
172.22,65.22,66.32,169.20
172.67,67.36,65.00,168.16
173.75,70.39,62.40,163.00
174.64,71.66,60.20,161.36
173.44,79.70,56.88,156.12
173.09,75.84,57.56,159.76
173.52,73.56,56.68,160.28
174.75,75.56,54.20,157.20
175.10,75.57,53.48,158.08
177.39,76.95,52.08,156.24
176.00,73.23,51.60,157.80
177.11,70.09,51.80,162.16
177.90,72.44,49.80,158.40
173.62,74.84,48.36,154.56
174.40,76.75,46.40,151.68
175.60,79.88,43.60,146.36
175.80,75.87,42.80,146.68
176.00,76.00,42.00,147.00
176.04,76.20,41.71,146.21
175.84,72.56,41.25,144.83
175.94,73.20,40.50,142.62
172.68,73.36,38.17,133.67
173.58,76.91,35.92,126.33
173.29,78.81,34.50,120.75
172.99,76.07,34.38,120.12
170.46,77.88,32.67,116.33
170.66,78.03,31.75,113.50
168.11,79.07,30.67,111.00
169.32,77.98,29.88,106.08
170.01,79.83,28.00,102.00
168.35,81.37,27.67,98.54
167.05,82.08,26.92,96.75
166.67,81.14,27.25,98.25
165.66,83.78,26.67,96.33
166.18,84.98,25.46,93.79
166.20,83.38,25.25,91.25
166.32,83.81,24.83,90.29
166.74,83.16,23.83,87.00
166.39,81.97,24.38,88.88
166.98,81.82,24.25,88.42
167.01,81.95,24.08,88.12
167.00,82.00,24.00,88.00
