171.00,105.00,24.00,34.00
171.05,105.39,23.93,34.00
169.68,106.84,23.87,34.00
168.45,106.73,23.80,34.00
168.97,107.33,22.87,33.13
169.92,109.03,22.83,32.33
169.28,108.21,23.60,34.00
168.61,109.99,22.77,33.23
168.29,111.39,23.47,33.27
168.70,111.38,22.70,33.30
169.67,111.37,22.67,33.33
168.45,108.23,23.27,34.00
168.51,108.24,23.20,34.00
168.57,107.13,23.13,34.57
168.64,107.08,23.07,33.47
170.34,107.08,22.50,33.50
170.15,105.44,22.93,34.00
171.42,105.45,22.87,34.00
172.30,104.63,22.80,34.00
172.40,105.30,22.73,34.37
172.49,105.85,22.67,34.00
173.01,105.40,22.60,34.00
174.46,104.03,22.53,34.00
175.74,104.77,22.47,33.23
176.09,104.48,22.40,33.20
177.27,104.76,22.33,33.17
177.34,106.90,22.27,34.00
177.40,107.52,22.20,33.10
177.47,107.00,22.13,34.00
177.54,107.00,22.07,34.00
179.00,107.00,22.00,34.00
178.88,106.98,22.10,34.03
178.85,108.23,22.20,34.13
178.63,108.15,22.30,34.20
178.50,106.86,22.40,34.27
178.38,106.82,22.50,34.33
178.26,106.49,22.60,34.40
178.13,106.40,22.70,34.47
176.59,106.32,22.80,34.53
176.46,107.66,22.90,34.60
176.33,108.08,23.00,34.67
175.32,108.93,23.10,34.73
174.64,108.01,23.20,34.80
175.95,107.33,23.30,34.87
175.64,107.48,23.40,34.47
175.52,108.16,23.50,34.50
173.96,107.09,23.60,35.07
172.38,106.40,23.70,35.13
172.26,104.90,23.80,35.20
172.13,103.40,23.90,35.27
172.01,103.36,24.00,35.33
171.89,101.84,24.10,35.40
170.29,101.80,24.20,35.47
168.01,101.58,25.07,36.53
167.57,102.99,25.20,36.40
168.10,104.87,24.50,35.67
167.78,108.17,24.60,35.73
166.32,109.76,24.70,35.80
166.08,112.57,24.80,35.87
164.48,112.53,24.90,35.93
164.00,114.00,25.00,36.00
162.61,115.47,24.93,36.03
162.63,115.43,24.87,36.07
162.84,115.85,24.80,35.20
162.76,117.29,24.73,35.27
161.32,118.39,24.67,36.17
160.18,118.36,24.60,36.20
160.30,119.95,24.53,35.47
160.41,119.51,24.47,36.27
160.08,119.45,24.40,36.30
160.03,119.39,24.33,36.33
158.76,117.21,24.90,37.00
159.19,117.48,24.20,36.40
157.63,119.15,24.13,36.00
157.73,120.56,24.07,36.47
160.46,121.02,24.50,37.00
162.09,121.05,24.40,37.00
163.24,123.82,23.87,36.57
163.36,126.93,23.80,36.60
160.26,129.87,23.73,36.63
158.87,133.06,23.67,36.67
158.99,134.51,23.60,36.70
159.10,134.88,23.53,36.73
159.21,134.44,23.47,36.77
160.82,134.40,23.40,36.80
160.93,136.22,23.33,36.83
159.55,136.38,23.27,36.87
159.66,137.63,23.20,36.90
159.77,137.67,23.13,36.93
159.89,137.59,23.07,36.97
160.00,139.00,23.00,37.00
159.85,140.47,23.10,37.07
156.95,141.99,23.13,37.07
156.76,143.49,23.20,37.10
155.11,143.44,23.40,37.27
155.09,141.93,23.33,37.17
156.58,139.64,23.40,36.40
159.16,136.26,23.47,37.23
159.33,133.95,23.80,37.53
161.18,131.50,23.60,37.30
164.52,129.24,23.67,37.33
168.50,126.44,24.10,37.73
172.28,124.80,23.80,38.00
172.00,123.38,24.30,37.87
171.92,125.72,24.40,37.93
170.30,129.15,24.50,38.00
168.41,129.65,24.07,37.00
167.51,129.65,24.13,37.00
167.43,129.65,24.20,37.00
167.03,127.12,24.90,38.27
166.93,127.09,25.00,38.33
167.17,127.51,24.40,37.70
166.69,126.65,24.47,37.27
167.09,124.78,24.53,38.00
166.60,124.50,25.40,38.60
168.42,124.91,24.67,37.83
167.91,124.28,25.60,38.73
169.85,123.77,24.80,37.00
167.79,122.75,25.80,38.87
166.15,121.18,25.90,38.93
166.00,118.00,26.00,39.00
166.02,116.01,25.97,38.97
166.52,115.41,25.00,37.07
166.52,112.54,25.00,37.00
165.90,109.91,25.87,38.73
164.05,107.78,26.67,39.67
165.78,106.50,25.80,39.00
166.13,103.78,25.77,38.77
166.53,104.02,25.00,37.73
166.09,102.33,25.00,38.00
163.46,101.15,26.33,39.33
161.83,99.81,26.27,39.27
162.14,98.57,25.60,38.60
162.14,96.33,25.57,38.57
160.55,94.73,25.53,38.53
160.55,92.88,25.50,39.00
158.95,93.12,25.47,38.47
160.13,93.40,24.87,37.87
159.90,93.41,25.40,37.80
159.24,96.07,25.37,37.73
159.42,97.49,25.00,38.00
160.02,98.86,26.00,39.00
160.26,98.65,26.47,39.47
160.11,100.21,26.77,40.53
160.09,100.52,26.80,40.60
161.61,100.79,27.00,40.00
160.17,102.22,27.00,40.00
160.02,102.45,26.90,39.90
160.91,104.88,25.13,38.13
160.96,103.41,25.07,38.07
161.00,105.00,25.00,38.00
161.03,106.57,25.00,37.97
161.06,106.56,25.00,37.93
162.66,106.55,25.00,37.90
162.25,107.77,25.87,38.60
161.87,107.29,26.67,39.50
163.04,109.29,25.00,38.60
164.68,109.67,25.00,37.77
167.83,111.53,24.27,37.00
170.08,109.98,25.00,37.00
172.40,108.56,25.00,37.67
176.34,107.49,25.00,37.63
179.06,104.61,25.00,38.20
182.42,103.06,25.00,38.13
185.70,102.36,25.00,38.07
187.45,99.79,25.00,38.00
190.74,98.48,25.00,37.47
193.14,96.49,25.00,37.87
193.81,96.68,25.00,37.40
193.22,98.02,25.00,37.73
192.25,99.56,25.00,37.67
191.42,100.74,25.70,38.30
189.86,102.99,25.73,38.27
188.67,105.08,25.77,38.00
189.04,108.63,25.00,37.20
188.77,110.33,25.00,37.33
187.22,111.52,25.13,37.40
187.33,114.52,25.00,37.20
187.38,115.05,25.00,37.07
187.43,114.97,25.00,37.03
189.00,115.00,25.00,37.00
190.53,115.00,24.97,37.07
189.15,115.50,24.93,36.13
189.66,117.44,24.00,35.30
188.22,116.92,24.00,36.40
188.27,116.99,24.00,36.33
186.53,118.48,24.00,35.80
182.95,115.36,25.53,38.23
182.51,115.34,25.47,38.27
178.92,111.76,26.10,39.00
178.09,110.12,24.67,38.33
177.13,108.39,24.63,38.37
176.93,105.66,25.20,38.40
176.65,104.25,24.57,37.87
177.43,104.13,24.53,37.40
176.99,102.53,24.00,37.50
178.33,102.47,24.47,37.60
178.38,101.97,24.43,38.57
178.42,101.94,24.40,38.60
180.05,100.33,24.37,38.63
180.10,102.03,24.33,38.33
180.14,101.53,24.30,38.40
180.19,101.53,24.27,38.47
178.68,100.33,24.23,38.53
178.72,101.54,24.20,38.60
178.51,100.15,24.17,38.83
178.81,100.19,24.13,38.73
178.81,100.09,24.20,38.90
178.90,99.96,24.07,38.93
178.95,99.99,24.03,38.93
179.00,100.00,24.00,39.00
178.91,100.02,24.17,38.97
178.82,100.05,24.33,38.93
178.73,100.07,24.50,38.90
178.64,100.09,24.67,38.87
178.55,100.11,24.83,38.83
178.46,100.04,25.00,39.00
178.36,100.04,25.17,39.00
178.01,99.78,25.87,39.53
179.14,100.04,25.80,39.30
177.93,98.42,26.00,39.33
179.00,98.79,25.83,38.63
177.91,99.74,26.00,39.00
178.05,99.50,26.60,39.43
177.08,100.26,26.80,39.47
176.13,101.93,27.00,39.50
176.26,102.22,26.67,39.00
176.14,102.94,26.83,39.00
175.72,102.63,27.60,39.60
177.25,104.27,27.80,39.63
177.45,104.58,27.33,39.00
177.33,104.57,27.50,39.00
178.46,104.56,27.67,39.00
178.76,104.94,27.83,38.23
178.57,103.83,28.80,39.80
179.82,104.12,29.00,39.83
180.59,103.66,30.07,40.73
180.44,103.62,30.30,40.80
182.43,103.94,29.60,39.93
182.41,102.31,29.80,39.97
184.00,104.00,30.00,40.00
185.78,104.03,29.93,40.00
187.99,104.56,28.93,39.00
189.13,105.64,29.80,40.00
187.36,105.18,30.60,40.87
188.99,105.17,30.50,40.83
189.36,104.77,29.80,40.20
190.18,106.84,29.00,39.47
189.53,106.08,30.47,41.00
189.47,105.23,29.70,40.30
188.94,105.27,29.67,40.33
187.09,106.70,29.00,39.73
185.14,105.34,29.60,40.40
183.19,104.36,30.13,41.00
182.77,104.63,29.53,40.47
180.62,105.23,30.00,41.00
178.07,104.90,30.00,41.07
177.11,105.84,30.00,41.13
176.73,106.12,29.40,40.60
175.40,105.27,30.00,41.27
175.16,105.55,29.33,40.67
172.14,105.38,29.60,41.00
170.44,105.37,29.53,41.00
168.71,105.74,28.70,40.23
166.78,105.05,30.00,41.60
168.20,104.50,30.17,42.67
168.73,105.32,29.27,41.00
167.29,105.31,29.20,41.00
165.65,107.05,29.07,40.93
163.97,106.97,29.03,40.97
164.00,107.00,29.00,41.00
162.31,106.93,28.93,41.10
161.23,107.45,27.93,40.27
161.07,107.37,28.00,40.50
159.15,106.65,28.87,41.53
158.91,106.57,28.83,41.67
159.02,106.58,28.60,41.60
159.05,105.31,28.53,41.47
159.07,105.18,28.47,41.80
158.95,104.48,28.70,42.20
160.59,102.81,28.33,42.00
160.63,102.74,28.27,42.10
160.17,102.16,29.20,43.20
162.47,103.37,28.13,42.30
162.51,102.53,28.07,42.40
163.42,103.34,28.00,42.50
164.12,101.31,28.40,43.07
165.21,100.31,28.30,43.13
165.50,99.83,28.20,42.60
163.68,99.40,28.37,43.53
163.68,99.37,28.33,43.67
163.53,97.93,28.60,44.10
163.55,99.52,28.53,44.47
163.40,99.73,27.93,44.00
161.79,101.19,28.40,44.60
161.81,101.58,28.33,44.50
161.83,101.46,28.27,44.73
159.60,102.14,29.10,46.60
161.95,101.32,28.13,44.80
161.98,102.99,28.07,44.93
162.00,103.00,28.00,45.00
161.97,103.05,28.07,44.90
161.94,104.89,28.13,44.80
161.46,106.12,29.10,45.70
161.88,104.98,28.27,44.73
161.85,105.01,28.33,44.67
163.05,104.83,28.80,45.00
163.49,105.39,28.70,44.77
163.45,104.96,28.80,44.73
163.40,104.97,28.90,44.70
163.36,104.98,29.00,44.67
164.00,104.99,29.10,44.63
165.39,105.30,28.60,44.00
165.05,105.01,29.30,44.57
165.24,105.26,28.93,44.07
165.22,105.29,29.00,44.00
164.93,106.85,29.60,44.47
164.82,106.79,29.83,44.57
165.75,107.07,29.40,44.00
166.96,107.20,29.27,43.73
167.21,106.89,30.00,44.33
168.70,106.90,30.10,44.30
170.86,107.28,29.47,43.53
170.43,106.92,30.30,44.23
172.23,106.94,30.40,44.20
172.18,106.95,30.50,44.17
172.12,106.96,30.60,44.13
172.06,106.97,30.70,44.10
172.00,106.98,30.80,44.07
170.06,106.99,30.90,44.03
170.00,107.00,31.00,44.00
170.00,106.93,30.97,43.97
168.25,106.86,30.93,43.93
165.97,106.34,31.80,44.80
168.11,107.02,30.87,43.73
165.73,106.14,31.83,44.83
166.11,104.55,31.80,44.80
168.01,104.92,31.00,44.00
168.00,104.90,31.00,44.00
168.34,105.23,30.30,43.30
168.32,104.72,30.33,43.00
167.53,106.33,30.63,43.27
166.35,106.27,30.60,43.20
166.36,106.21,30.57,43.13
166.18,105.72,30.93,43.93
167.34,107.70,30.50,43.50
167.30,106.75,30.47,43.47
166.69,107.95,30.00,42.57
166.68,107.64,30.00,43.00
166.18,108.20,31.00,44.00
167.59,107.09,30.67,43.67
168.05,106.27,31.00,44.00
168.04,106.24,31.00,44.00
168.04,106.66,31.00,44.00
167.55,107.22,31.20,44.20
167.63,107.18,31.17,44.17
167.95,107.14,31.13,44.13
167.33,104.95,32.00,45.00
167.85,107.08,31.07,44.07
168.00,107.06,31.00,44.00
168.00,107.00,31.00,44.00
167.99,106.99,31.03,43.97
167.99,107.02,31.07,43.87
167.98,107.03,31.10,43.80
169.60,107.04,31.13,43.73
169.12,106.93,32.00,44.50
169.16,108.25,31.80,45.00
169.01,107.88,32.00,45.07
169.58,108.37,31.73,43.93
169.06,107.03,31.70,43.80
168.86,105.99,32.00,44.67
168.81,104.90,32.00,44.90
167.41,104.73,32.40,45.20
165.80,105.30,31.87,44.00
166.04,105.55,31.40,43.47
166.00,105.53,31.50,43.00
164.76,103.17,32.07,44.00
166.57,103.78,32.13,44.00
166.29,104.48,32.60,44.80
166.22,104.52,32.63,44.73
165.83,104.54,33.33,46.00
165.00,105.74,33.70,46.30
165.64,106.27,33.47,45.27
165.24,106.76,33.30,44.77
165.21,107.10,33.40,44.80
165.09,108.58,33.67,45.00
165.57,111.03,32.73,44.00
165.30,110.13,33.70,45.80
167.99,110.98,32.93,44.07
168.07,111.01,32.93,44.00
168.00,111.00,33.00,44.00
169.93,111.11,32.90,44.03
169.46,110.25,33.80,46.00
171.40,110.78,33.80,45.20
173.60,110.57,33.47,45.87
173.66,111.03,33.33,45.83
175.77,111.84,33.00,44.60
176.10,111.91,32.30,44.00
178.16,114.05,31.93,43.73
178.05,114.05,32.10,44.00
178.69,114.01,32.00,44.33
180.68,114.12,31.90,44.37
181.71,114.03,32.20,44.80
182.76,114.34,31.70,44.43
184.13,114.72,31.07,43.93
183.89,114.56,31.50,44.50
185.16,114.90,30.93,44.07
183.89,114.93,31.43,44.27
185.75,113.12,31.40,44.40
185.57,112.81,31.73,45.27
185.58,112.90,31.67,45.33
185.80,113.04,31.20,45.30
183.57,112.81,31.80,46.00
183.61,112.94,31.70,46.00
183.54,111.04,31.80,46.20
183.26,109.01,32.33,46.67
180.86,108.24,33.13,48.47
181.12,108.56,32.20,47.70
179.38,109.33,32.07,46.80
177.80,109.88,31.10,45.97
176.00,110.00,31.00,46.00
174.09,109.97,31.00,46.10
174.56,110.87,30.07,44.33
173.89,109.90,31.00,46.30
172.10,109.54,31.13,46.53
172.58,110.26,30.17,45.67
172.55,109.06,30.20,45.80
174.39,109.36,30.23,45.17
174.37,106.98,30.27,46.07
176.22,107.25,30.30,45.50
175.87,106.48,31.00,47.00
177.08,106.41,31.00,47.10
176.72,103.75,31.60,48.40
177.54,103.71,31.57,48.43
178.62,101.96,31.53,47.93
179.82,102.15,31.00,47.50
180.72,102.08,31.00,47.60
182.43,101.79,31.43,48.13
183.58,101.74,31.40,48.20
183.79,101.87,31.00,47.90
185.92,101.80,31.00,48.00
186.49,101.73,31.00,48.10
186.29,100.99,31.27,48.47
186.24,101.35,31.23,48.77
186.59,101.72,30.40,48.00
184.22,102.95,31.17,48.67
183.99,103.28,31.00,48.60
182.15,103.16,31.10,48.80
182.10,103.11,31.07,48.87
182.05,103.05,31.03,48.93
182.00,103.00,31.00,49.00
182.07,102.95,31.03,48.93
182.15,102.91,31.07,48.87
183.96,102.81,31.20,48.90
185.58,101.09,31.13,48.73
185.60,102.77,31.17,48.67
187.61,102.72,31.20,48.60
189.89,102.56,31.47,48.77
190.41,101.04,31.53,48.73
193.54,100.70,32.30,49.40
195.72,100.88,32.00,49.00
199.09,102.49,31.37,48.27
201.13,103.44,31.40,47.80
202.31,104.39,31.43,48.13
206.26,108.07,31.93,48.53
218.98,111.26,32.00,48.50
220.99,111.01,32.53,48.93
222.14,111.01,32.57,48.87
223.02,109.01,32.60,48.80
221.97,107.43,33.27,49.37
220.31,107.68,32.67,48.67
218.72,105.21,32.00,47.20
217.54,101.14,31.73,47.53
217.05,99.13,32.77,48.47
216.26,98.28,33.60,50.00
215.08,94.11,32.67,48.17
212.29,88.21,32.87,48.27
210.55,88.17,32.90,48.20
210.40,86.11,32.93,48.13
208.46,83.56,32.97,48.07
200.00,75.00,33.00,48.00
191.43,72.95,33.00,48.10
196.13,70.46,31.13,45.40
189.33,66.97,32.90,48.20
179.24,65.41,32.00,46.53
163.71,57.88,33.00,48.50
159.69,53.69,32.20,47.80
158.09,51.58,32.23,47.93
147.16,49.46,32.27,48.07
131.72,45.55,32.70,48.60
125.18,41.33,32.67,48.67
125.49,33.43,32.00,47.47
124.05,15.05,32.60,48.80
128.04, 2.61,32.43,48.73
138.64,-6.20,32.53,48.93
157.28,-8.57,33.00,49.50
173.29,-11.18,33.47,50.07
186.76,-12.85,33.00,49.70
195.63,-10.24,32.80,49.00
205.92,-6.55,33.37,50.27
217.15, 2.08,33.33,50.67
221.79,16.22,33.30,50.70
223.12,36.39,33.53,51.00
223.54,53.59,33.70,51.23
223.47,60.78,32.80,50.40
219.57,70.76,33.17,50.83
207.73,86.61,33.27,51.00
189.06,96.84,34.10,52.80
179.87,100.16,34.00,51.80
178.20,105.25,33.03,50.93
174.00,114.00,33.00,51.00
169.83,120.45,33.03,50.97
169.23,126.50,34.00,51.86
169.18,130.60,34.00,52.69
169.13,132.45,34.00,52.59
173.76,132.96,33.17,50.83
182.59,132.94,33.21,51.00
190.92,134.35,33.24,50.76
202.72,133.86,33.28,51.00
209.10,132.20,33.31,50.69
208.72,132.52,34.00,52.31
213.43,133.67,33.62,50.86
216.41,133.01,34.00,51.59
217.58,131.79,34.00,51.55
216.63,131.66,33.52,51.07
217.67,131.59,33.48,50.45
216.39,131.27,33.45,50.34
214.34,130.95,33.41,50.24
210.73,128.27,33.62,50.38
207.85,125.52,33.66,51.00
203.46,125.05,33.31,49.93
191.14,125.77,32.55,49.10
192.63,125.48,32.48,48.97
190.27,122.79,33.21,49.62
189.05,120.78,32.34,47.86
185.02,118.45,32.28,47.83
182.13,112.94,33.10,49.31
181.95,108.10,33.07,49.28
180.04,105.81,33.03,49.10
178.00,103.00,33.00,49.00
